10180
10190
33420
28000
91310
22310
320
340
15620
500
10
30
40
60
80
100
400
240
49400
11450
42700
42710
48700
33910
42120
34010
12100
12110
12120
12170
12180
12210
12220
12230
12240
12250
72850
550
223530
4000
440
570
65800
102600
10500
4700
4760
4770
34030
35700
34330
219640
232210
214360
234740
204300
380
420
220
22370
41500
22380
33460
105600
620
48000
35720
11200
2500
219150
16450
10680
2270
3590
38460
70100
3260
12840
212680
43110
22490
50130
57970
9200
17450
47730
8930
58550
208140
32370
22320
57690
57650
200550
205100
1700
200510
8190
208580
110800
47400
58610
24780
19900
20900
22330
20920
47890
7670
8870
228260
300
42680
42690
1250
108710
202750
20
50
70
130
3700
3730
7940
10090
6060
35420
31700
72300
97100
24840
31280
22650
28050
8980
200910
57300
44350
34000
71270
207890
201290
204880
200710
48240
202170
57400
211160
217060
231430
8600
8690
33930
219540
224580
18700
26500
26900
41100
55040
70300
96200
55110
91600
17300
55230
41070
44320
95500
70120
70110
111400
40700
98100
113200
42910
47780
206690
9350
9420
21170
205790
104900
96800
96400
42650
730
208600
217980
42160
206980
224540
211420
215710
205930
203140
18500
227220
228760
12900
4900
62100
23120
20820
9860
18000
18020
24400
4580
6850
6860
6900
42500
63200
48220
49900
33230
56400
99100
41000
38720
58400
36000
10150
33320
17460
38600
49470
6980
107100
360
91700
48190
92600
72200
2100
2130
8850
91100
208400
63000
71000
108110
22600
205870
203730
13500
47810
108100
61100
49520
201790
213030
22610
209080
217490
21970
40100
3900
8800
34440
34450
3990
34460
16810
47700
3130
7830
24860
32470
48720
15320
10430
20570
9310
4570
9450
55150
4890
50620
4560
9340
20540
228200
20500
31410
6200
41010
63500
98800
48950
107200
207150
12160
7520
35450
104320
236830
107800
108500
25900
7510
39500
206440
200390
80360
207670
25980
25930
23420
23440
25830
22130
25850
12810
49300
42920
41210
209790
204060
112100
61600
4540
72000
207080
102840
204220
227200
41800
63710
94200
207420
17480
207170
4920
200900
214790
211360
16730
201280
1500
1530
1520
1510
202710
25890
25620
212700
35480
214150
24460
24470
24480
31100
31110
31120
31130
31220
31230
31240
31250
31260
31270
31290
94500
94510
94520
94530
94590
94600
94610
94620
49330
42890
39630
70900
219910
105000
42990
12830
47790
47830
24960
212910
202970
202990
17410
21760
21910
24980
15100
65700
65720
47900
6920
6910
2760
57900
107410
65790
4550
13200
13210
13230
13240
13250
2810
2820
2800
1610
1690
12470
12710
26800
3830
22200
7730
7760
7770
7650
7660
2850
201310
50650
39690
34220
205230
219740
10700
38900
50510
45740
2450
29180
93200
62000
9500
22000
22180
24420
25010
40720
6100
49600
98200
92800
6120
40800
99700
91200
104700
18120
92300
2400
2420
2430
208090
6210
233980
115120
220260
4230
12560
12590
12600
12690
33730
33740
33750
12510
12520
12530
23400
201490
105450
203770
200050
210150
205610
208730
201760
218040
227300
33900
230650
231140
3980
221380
6800
6810
6830
6840
22100
57600
23490
70620
4500
55100
25700
9480
22350
105400
204030
11190
58570
205840
108800
17330
17340
11480
208710
61010
219890
32360
32460
58510
46360
2700
24670
35010
24240
32800
215060
214870
224600
234710
47800
105300
32500
16600
58520
98600
200410
45300
200170
47870
204360
22670
214560
6020
220200
70000
215470
200260
8140
280
39510
41700
92000
70400
21090
21110
21120
70420
35000
92200
92210
92220
203510
21100
41900
45760
209120
214830
211260
2840
204960
12370
12380
1200
61700
43000
208670
40990
73010
55140
12750
13520
232910
35460
216250
67370
111800
46540
97330
39190
39200
39160
63380
24800
40400
202200
227280
202270
230150
46000
12140
12150
38700
63700
64000
90500
22300
24790
24810
99300
40960
40970
40980
40950
222750
67000
35130
65300
220780
113020
4520
4530
9400
9460
20530
20550
8880
8890
39540
39550
23310
39650
39660
25800
42960
42980
15390
15190
19800
1630
1640
46340
46290
3720
35140
73170
17470
73190
10530
15370
15380
15170
46450
2600
9870
115200
4870
115210
4880
115220
4850
27400
7110
201870
208480
203750
17440
24720
17390
29680
41050
41060
18070
45000
9900
99830
9050
9070
9160
2280
2290
2300
220240
233270
217270
219190
209520
38740
209690
210170
8400
13570
13580
33220
13560
205950
211400
207750
19680
214250
202730
97000
221640
15260
40500
21660
71340
207320
207350
107300
107310
115100
27920
27940
6300
6310
15130
9000
9010
212030
207650
207490
205650
115110
207610
38000
38010
38020
3480
3540
11900
11920
39120
19980
13600
13530
24740
13640
15120
2590
8500
37900
37910
38050
38060
2620
2630
2640
32430
34830
18110
57800
6000
24010
40930
3960
37500
37400
37420
25910
98500
17710
17430
104000
22120
22140
20510
44340
80200
17100
17120
21000
99810
7620
8000
108200
13510
39800
209370
205250
45770
21690
220960
3910
236730
43160
216090
96300
225300
225320
7000
224960
224980
225000
225020
228280
222820
203810
6880
207690
205730
205190
219680
221040
16300
102200
98400
102400
207430
110610
110600
91800
91810
111100
204340
15400
96000
80310
204140
207250
215670
58230
214970
37100
201480
200960
200980
200990
201000
201010
94300
109500
29800
34420
46250
7850
46260
222160
211900
7860
63900
223390
18490
41740
111600
80300
206250
218680
211740
211600
221810
227580
34270
215770
225260
220700
8340
8350
8360
8370
8380
63800
227320
209330
228320
234900
222980
233470
203990
218740
220460
229520
204100
218640
211280
211010
95300
221260
207570
205910
45100
61310
209190
233740
57640
201570
229480
36900
36910
44100
21500
99890
71250
202530
203650
32390
32330
32440
2310
2320
2330
2340
2350
2360
2370
9030
9040
2390
9060
2200
9180
39530
41300
15210
9740
55000
12500
12200
22230
204940
38400
38410
38420
209830
57740
212050
214510
207040
223470
206190
3170
63910
10660
26000
57200
37800
50820
29160
35600
37600
70500
49800
6600
44200
15500
15520
15540
116120
70660
70600
70640
70650
203210
222140
17020
27000
36700
37000
200010
11340
33520
33530
23700
42930
42940
42950
17180
17140
219780
58540
31170
31180
31190
31200
31210
238890
32310
32340
6010
6040
102850
213330
11040
11130
11140
11150
11180
238210
1230
1280
50000
102500
203160
3220
33610
38440
11170
39680
45700
203630
15560
65740
214610
216390
233700
215280
205530
217290
231740
11420
108700
211440
215510
65600
226700
21980
98300
212630
50300
42640
16720
33440
7610
46600
3920
3970
7600
7740
7780
8840
40920
50120
50310
65950
201020
207060
219600
34600
34870
11440
44310
45750
208200
207210
35510
15200
21900
32350
24170
32380
6030
32400
32420
7200
24870
9930
63600
63610
63620
63630
63640
63650
63660
65500
11590
38230
48180
65540
48210
47540
29720
204080
220160
6510
2990
12360
208500
3330
3340
3600
3350
3360
3370
3380
3390
3400
3410
3420
3430
3440
3450
3460
3470
3490
3500
3510
3520
3530
3300
3560
3310
3570
3320
3580
2570
11330
11360
2520
2525
34820
95900
33600
16480
21670
7500
46320
209670
209360
203350
18820
215530
2210
220440
6550
204560
49540
227100
230780
233860
227680
224500
227720
65530
205810
46550
32200
46520
11370
46410
22340
4720
238070
217690
34810
15700
15710
48900
23300
23380
7010
7020
8080
7060
8100
39110
6870
35030
8160
8170
35070
43100
15740
15750
18040
18050
236090
23200
214340
226740
227380
73230
25990
104100
110400
202410
23530
204390
42170
105800
73020
204630
221020
233450
234190
232050
205690
207530
216290
48160
15230
23390
39250
205350
58200
57700
104600
10540
203680
40420
6220
8200
8210
8220
8240
8250
8260
8270
8280
8290
8300
220740
224760
80330
80340
80350
33130
33180
219340
201830
209270
111000
111010
224300
115320
204450
24760
4420
4470
218130
230050
225140
10170
12130
27330
65560
39560
206760
3270
70200
7800
12320
8790
40300
40390
2780
200630
32670
208520
23450
102820
11120
46740
17600
211120
232750
29640
210950
73060
207730
227480
46570
42000
204240
201700
21130
204120
48800
42800
42820
25940
218510
47130
65610
50640
200370
227180
7810
23460
105100
203830
214700
215160
220090
233720
216890
232010
12800
234160
49700
27810
60600
35800
33100
98900
99400
15950
200670
220860
16120
204860
46370
200230
46230
7840
25860
42810
25920
24410
42850
42870
49320
25840
12310
12330
12340
1600
2900
34900
2910
12390
2920
34920
6250
46700
2930
46710
6270
46720
12420
1670
46730
12440
46750
12450
12460
19200
11280
46400
46420
46430
46440
11390
11240
2540
2545
11250
2550
11260
73220
73210
33550
57620
33570
33580
57680
33620
33660
57730
33670
12430
43500
16030
200350
219760
214170
227760
41660
78000
32150
35500
32140
38480
38490
41600
7470
51060
235360
71230
57000
15060
202370
21400
222730
209540
33110
33120
13540
200020
200940
1840
213610
218060
210770
235250
107600
6420
220660
212580
213120
227260
217200
223510
72900
47000
100970
21030
58300
27900
46330
11550
18470
4300
20710
27050
60800
46560
212010
9800
34410
44360
23500
47920
211580
42140
200060
91900
206020
206040
206060
226120
223430
212480
20590
227860
71260
6360
19000
27020
72500
29660
207230
228400
219070
211180
223220
222480
228300
12640
46760
46830
46840
210990
32410
19030
34190
220050
10080
42730
21780
21800
218410
46380
46270
231160
231200
11500
13620
13630
15300
90400
22450
23600
45450
200190
104200
46500
223630
214590
96900
224920
224940
227000
24500
31830
200080
203560
221830
8660
8640
44620
225420
1300
1309
1313
20840
43600
31800
31810
31820
31840
31850
31860
31870
31880
31890
31900
31910
31920
31930
42200
42210
31980
42230
212780
7210
10130
38220
42670
33770
33780
43190
45720
209100
63940
224420
216910
3020
232970
92700
98510
214310
210390
90200
210410
63950
47500
37380
37320
200130
72400
22500
214730
201510
228440
233410
44650
44660
44670
44680
214420
225640
32610
12190
1930
235070
224780
216130
209730
20700
38830
19930
205590
215930
212110
230700
234370
109700
4730
33390
235660
32720
50400
10000
34860
206370
214100
220820
45400
45900
11230
16500
29120
29130
18450
18460
18420
38530
27800
33680
211340
223730
204180
224820
90100
4830
29530
21680
202070
214130
210550
229660
230190
3620
48120
209850
34180
27220
217080
201330
220823
6340
19830
19840
46850
18400
9880
39260
237570
8230
238530
229970
32690
37300
3150
3160
46210
46220
46280
4600
92400
96100
201070
65080
207190
8650
208640
205830
15900
15910
15920
15930
15960
15970
32110
32120
16000
16020
204440
32160
16040
60340
16060
60350
208620
208630
202310
16710
209950
234290
205070
105700
205060
215790
65200
10220
237430
38150
38160
38120
38130
38140
15310
3650
91330
204840
40350
33280
40320
3230
37700
7220
58560
40000
33210
11520
11560
12860
12770
12790
8970
42830
202690
202130
71390
19320
37010
44600
223850
9730
4800
61500
61510
61520
61530
205550
21010
37280
71240
7530
41730
24700
9940
111300
218090
106000
80000
227160
32700
24850
2610
17030
207930
215690
33980
232950
240600
61000
48110
55020
233250
107430
65780
99410
19990
8040
10650
10400
10690
10460
90800
110630
109200
1900
37030
46460
23100
1002
40380
18300
17400
39640
39670
15240
10250
110500
46490
214230
10230
33260
21070
29500
3710
211670
4290
33350
29900
6090
212410
21950
55210
37200
33340
229870
222880
234490
92100
16620
32510
24830
32900
99120
9970
9990
211970
224220
226980
206270
221300
214910
34670
217860
40370
227920
63960
32730
29650
233550
6080
11060
211780
10110
207710
10100
208110
18600
36210
209390
8310
8320
12630
34500
25600
209750
207370
207380
207400
204510
216110
216670
218020
223810
223870
230310
211070
13000
29550
70210
227980
4460
21610
94000
46510
205330
218860
25500
21140
37920
37930
37940
37950
10240
216210
4100
15940
15330
216610
12550
12570
12580
12650
12660
12670
33700
33710
33720
12540
37240
15000
7870
7880
12480
99200
230350
65730
208860
207020
44690
46350
202860
45500
223450
4320
219950
32740
3010
3000
222710
206740
32750
15220
35300
61220
211380
61730
46480
24630
60700
9980
38070
49810
11050
209230
23360
24120
24130
230980
15140
15150
15160
2790
10260
29670
10140
37960
37970
37980
37990
38030
38040
39600
39610
39620
37360
15980
15990
32130
33760
3610
37310
50930
50920
50940
50980
50970
51000
50960
33790
19090
37330
33650
47520
47570
51040
51020
50900
50990
38170
38180
38190
31300
203250
218660
18480
206410
63110
215390
24820
2710
9760
217790
47850
223330
6330
3800
17420
34640
2720
208460
97120
211050
107000
23150
23140
215450
223000
224060
205270
38450
21300
45730
97130
233510
233530
214210
221430
92900
225200
233390
33250
6570
46770
21640
7970
210350
12260
100980
211800
229600
38200
32770
8330
219200
232770
7980
19500
42220
3050
65100
214630
214640
32450
210230
7260
24650
16130
16180
16100
16110
18100
38820
24180
24610
35310
26300
33500
32710
32760
71420
24220
38240
32680
3630
38110
24640
6350
37390
37210
37220
49000
37230
37250
37260
37270
37290
46790
204760
37340
37350
37370
21990
40200
40210
2680
2690
7900
7910
7990
10040
10120
42660
224340
224360
61230
19020
235700
36130
36140
40340
100410
13700
33990
27300
27600
233230
234940
236490
210430
35320
21920
230820
29590
236290
224380
228960
40330
223830
38080
38090
38100
38800
227800
33540
105420
15270
21750
21730
3200
220420
65270
214320
209630
223280
71320
227080
24140
218980
10520
44000
9960
65400
214270
238930
39710
207790
51010
51030
16200
50950
36100
36110
36120
36150
36160
36170
36180
36190
36200
36270
36280
36290
36300
45710
222660
17800
17810
32630
97110
225760
235820
33510
8740
26710
32000
7450
202670
34800
226820
39900
104020
224700
6400
38430
38210
9710
214050
230330
15350
23130
210490
213350
32620
32640
32650
225600
20200
15800
36310
209610
200490
204580
230760
224900
207000
220900
238170
235720
236790
238630
10470
8620
10630
202570
23510
32660
46200
29690
10560
40120
209060
9850
65710
4790
214400
218700
7340
15290
41400
21080
220680
50800
21600
105200
24600
226780
231180
216570
25870
214570
216370
225220
8060
13120
24620
216930
100400
3820
200530
36240
4400
6290
7420
8010
10440
10490
12400
12720
16090
16700
20400
22700
33270
34630
34650
36320
39300
39310
39320
39330
39350
39360
39370
39380
41610
41680
47110
47120
48150
65260
27200
55190
227900
15080
206610
15280
3810
6820
10590
71310
212090
44630
1270
7400
71300
212740
33950
1920
206230
24660
7250
218230
7440
227400
1320
218461
12300
24150
19810
34250
10410
10420
10480
10510
222320
38810
50910
35470
29520
234350
72530
3030
13650
13660
19910
41030
238710
3040
4410
211140
238130
21620
19080
226320
102700
215490
24210
17500
212160
235780
6520
95700
1210
98810
10699
7240
212180
45410
63930
209870
202110
17740
206210
239450
218620
39140
206420
237110
239200
247350
225160
65930
222940
233130
243450
239070
235600
234650
237740
230170
243950
241600
225080
247240
213850
241720
236850
249990
239030
239820
248470
217140
214950
244710
111900
224440
242880
236150
238320
241540
239800
250580
230860
239350
232430
228560
219800
226720
233370
241410
238240
241320
218820
246300
229580
237630
233680
232810
236510
225360
236370
234080
226960
208610
245170
239700
246740
242780
242570
248350
246960
224860
244030
247120
229890
242110
227600
246980
236450
209340
243360
234630
242550
249360
238750
243380
241620
225180
237590
233840
244730
226760
238050
240180
248610
249630
244870
205080
240160
240200
250720
244070
210870
234390
238280
203850
243200
243780
234980
201420
237530
238870
217920
242320
95000
214770
94304
204530
244050
250110
246600
231910
237550
241240
236130
243120
225280
220824
206630
222640
239410
231040
240340
231310
231020
245350
236970
234100
218330
207241
221340
242530
17080
212070
24200
239660
237310
200210
212800
236390
113400
630
213650
6370
212390
238110
206500
205710
99900
107900
17510
17520
17570
212500
230410
201190
209710
211
222520
224320
92
214850
17530
17700
206480
113420
212200
109400
105430
216150
212370
17550
92500
211500
36630
223710
17730
11610
231060
39000
107400
242590
36620
113900
47410
218310
219870
90530
55370
221080
221790
99910
208030
218210
17580
217750
218450
234310
211880
13140
215870
3483
109410
232450
227240
240220
27040
218170
106010
201230
212220
215120
221360
29110
99920
212240
108210
228000
246360
245450
245410
245430
248510
852
1525
63230
221410
24920
206940
206180
206950
206960
206970
205180
248800
249870
242860
31500
221200
223140
55180
215590
24950
251170
244810
234000
241790
236530
233210
242800
242630
46470
239430
17760
253920
254060
248490
237370
221910
250320
253980
245130
253900
254440
245470
234530
255480
235800
247000
258200
237890
202090
249330
247830
245730
250380
246760
248450
250460
254080
254100
233110
251370
251430
253940
247020
248410
243800
223670
254000
254020
253960
250500
242680
242960
244930
250520
250400
242820
247140
227020
248710
250660
254960
254980
234060
249680
55130
29140
36350
36360
36370
254040
241910
246090
238910
231720
224460
251410
235980
223750
29100
221220
61820
247910
244850
209000
209160
207140
234670
247730
238430
238010
249130
252330
242980
250030
260270
252210
242700
221680
231670
242460
242480
245390
243140
247310
255520
242940
244690
243060
257220
243040
21180
25730
221120
243000
245010
249930
251710
251790
